00100100 10000001 0001001000100100
00001001 01100011 0000001101101001
00001101 10001101 0000011010001101
01100101 00010010 0000011001010000
00000001 00001101 0000000000000001
01110110 00111101 0001011010010110
11101101 10001100 0111011010000000
11111001 11000110 1011101011000000
11000101 10101010 0111101100100000
11100101 01110111 0110010100010101
00010010 10001111 0000100100010010
11110010 11001110 1011010110000000
11101000 11000101 1010111011101000
01011100 10111101 0011111110011100
00101101 01100101 0001000100001101
01100011 00001010 0000000000000000
10000000 00100000 0001000000000000
10101010 10011101 0110000001001010
10010110 00010011 0000100111110110
00001101 01010011 0000010000011101
01101011 11010101 0101011101011011
00000010 10101110 0000000101000000
00011101 11001111 0001010111011101
00100011 00001010 0000000000000000
11001010 00111100 0010010111100000
11110010 10001010 0111100100000000
01000001 11011000 0011010011010000
01111000 10001001 0011110001111000
11101011 10110110 1010000110010000
11000110 10101110 0111101111000000
10111100 00101010 0001011110000000
00001011 01110001 0000010011011011
10000101 01001111 0010000111000101
00111011 00111010 0000101100010000
01111110 00010101 0000100001011110
11110001 11011001 1100010011000001
01100010 01001100 0001100010000000
10011111 10001111 0101000000011111
11111000 10110111 1010101101111000
10011111 01011100 0011000110110000
01011011 10001001 0010110111011011
01001001 11010000 0011101101010000
11010111 01010001 0100010000000111
10010110 00001100 0000000000000000
11000010 11001000 1001000110000000
01110111 00111101 0001011011000111
00010010 01111110 0000011111100000
01101101 00111001 0001010011011101
00011111 11010011 0001100101001111
10000101 01111000 0011101000110000
01011011 01001001 0001011100011011
00111111 00101010 0000011111100000
01011000 10000110 0010110000000000
10001110 10011100 0100111111100000
11111010 00100110 0001111101000000
01110011 10100011 0100100001010011
00101111 10110011 0010000001111111
01011111 01000100 0001011111000000
11110111 11001011 1011101000110111
11100110 01011010 0100011111100000
00101001 11101101 0010010000001001
11011010 01100101 0101001010011010
10110101 11011111 1001001111000101
01111001 01000100 0001111001000000
11010000 00101010 0001101000000000
10101011 00001110 0000000000000000
11011100 10011010 0111101111000000
11111101 11000011 1011111010111101
01010110 01001110 0001010110000000
01100111 00001010 0000000000000000
10110110 00111000 0010001000100000
01111001 10111000 0101001100110000
10010100 10010011 0101001111010100
00000100 01011001 0000000101000100
11011011 01001101 0011011110011011
11011001 01101101 0101001000111001
01110110 11001010 0101100010000000
10110110 10010101 0110011100010110
01000110 00000100 0000000000000000
11110111 01101001 0101110110010111
10110100 10001000 0101101000000000
00101000 00101101 0000010100101000
11000111 00101110 0001100011100000
00001000 00011100 0000000010000000
11111101 00101001 0010000010011101
00011100 10000110 0000111000000000
11011010 00111101 0010100110111010
01100110 01110000 0010110010100000
01110011 10111010 0100111100010000
01011110 11111010 0101100000100000
11010101 00011010 0000110101010000
10111001 00110111 0010001101101001
10010110 11000000 0111000010000000
00100110 10110110 0001101000100000
01111101 11011100 0110010110010000
10000110 01111000 0011101010100000
01111110 11011011 0110011011011110
11001111 01111001 0101101101011111
11111010 01100001 0101111010111010
00010111 10100001 0000111001110111
10000110 01010000 0010100111100000
11110101 00110101 0010111011100101
00101001 11000001 0001111011101001
11000101 10011000 0110111011010000
01001011 01110011 0010000100011011
11101100 10001010 0111011000000000
01001110 10101000 0011000011000000
10101001 10100001 0110101001001001
00001110 11100110 0000110001000000
10011111 00101010 0001001111100000
00101010 10001101 0001010100101010
10011110 00111000 0001110110100000
01111001 11001000 0101101011000000
11001010 00010011 0000110101101010
01101011 11000111 0101000010101011
10110110 10111010 0111110100100000
11000100 10111001 1000011110000100
10010010 10110100 0110010001100000
01111111 10000110 0011111110000000
11111010 11110010 1110101001100000
00110010 10111101 0010001010010010
10000100 11100100 0111001110000000
11001010 10101001 0111111100001010
10100001 10001110 0101000010000000
11111011 00001011 0000000011111011
11101111 11001001 1011010000101111
00110110 01110101 0001011111010110
10001111 01101011 0011011000101111
10001000 10101110 0101010100000000
10011011 10010010 0101011100110000
00101000 00101101 0000010100101000
01001011 11000010 0011100001000000
00011110 00001101 0000000000011110
11101100 00011000 0000111011000000
11010001 10000110 0110100010000000
01000001 00111011 0000110001110001
11011000 01010011 0100010001011000
01010110 01011011 0001101100110110
11100010 00000100 0000000000000000
01110011 11011000 0101110101110000
00010010 10111000 0000110001100000
00111001 11100101 0011001000011001
10100001 00101011 0001010011000001
10000001 11001000 0110000011000000
00100111 10100001 0001100010000111
00011111 00000100 0000000000000000
01011000 10010110 0011000110000000
00010100 00010010 0000000101000000
10010110 10110001 0110011110110110
01010101 11101101 0100101010110101
00101011 11110101 0010100001111011
10101101 00100111 0001011001001101
10000100 10100111 0101001100000100
11100111 10111001 1001111110110111
01001001 11011011 0011101110011001
11001001 01010001 0011111110011001
10100001 00101010 0001010000100000
11111010 01000101 0011111101111010
10000011 01111100 0011100101010000
01110010 11111110 0110101011100000
01101000 01101111 0010011101101000
10000110 11110000 0111110110100000
00111000 01000000 0000111000000000
00101000 11110110 0010010110000000
11000101 11000000 1001001111000000
01110100 00111001 0001011000110100
10110000 00111100 0010000100000000
00101010 01100010 0000111111000000
00010101 11100001 0001001001110101
00010111 01000011 0000010111010111
11001001 10000110 0110010010000000
00100101 11000001 0001101111100101
10001101 01011010 0010110000010000
00000111 00101100 0000000011100000
00001100 01110001 0000010101001100
00111011 10110110 0010100010010000
11110111 10011110 1000101011110000
01011100 01010101 0001110100011100
00100000 10100000 0001010000000000
01110010 10110100 0100111001100000
11011101 00001101 0000000011011101
01001011 01111001 0010000100011011
10011110 11111101 1001010010111110
01111011 10001111 0011110111111011
00000011 11100011 0000001010100011
00011101 10110001 0001010000001101
01000100 10010101 0010011010000100
11100000 11101101 1100010011100000
01010010 11111000 0100110011100000
10001101 01010010 0010110000010000
10000100 01000110 0010000100000000
10001100 10010000 0100111011000000
00010111 01101010 0000100010100000
10000100 10101010 0101001010000000
01111100 01100000 0010111010000000
10111010 10001011 0101110110111010
10100110 00100101 0001010101100110
00110010 10100010 0001111101000000
01001001 00010100 0000010010010000
00111101 01001011 0000111101111101
01011100 01000111 0001011101011100
10000110 00111001 0001100110100110
10110100 11010000 1001001001000000
00101100 10001100 0001011000000000
00000111 01101010 0000001010100000
00010001 11101000 0000111011100000
01001011 01110011 0010000100011011
11101100 00100011 0001111001101100
10100100 11001001 0111101110100100
00111001 11011111 0010111010001001
11010100 01100111 0101000001010100
10011101 10110000 0110101111110000
10000010 01001001 0010000100000010
11011001 00100000 0001101100100000
00011100 10010011 0000111111011100
11100011 00101010 0001110001100000
11001000 01011101 0011111101001000
00111010 10000100 0001110100000000
00101011 00111001 0000100000111011
00010010 01010010 0000010110100000
01011001 11010000 0100100001010000
01101110 10010111 0011111001001110
11011011 10100110 1000100011100000
10111011 00000000 0000000000000000
00001111 01101001 0000010110101111
00001100 01011001 0000001111001100
11000101 11001111 1001010010000101
10010000 01010001 0010110110010000
01101001 01110111 0010111001011001
01001010 11011000 0011110000100000
10011011 11000100 0111010001000000
10111000 10110111 0111111100111000
10000110 00110000 0001100100100000
01110111 10110101 0101001001000111
11010100 00000111 0000000011010100
01110110 11101001 0110011110110110
10001011 00000001 0000000010001011
11011011 10000000 0110110110000000
11000010 11000101 1001001001000010
00110000 10101111 0001111000110000
01100110 10101111 0100000000100110
11101001 11111000 1101101001110000
00000110 11101111 0000010101000110
11100001 10010101 0111111101110001
11101110 01100000 0101100101000000
11100101 00101000 0001110010100000
01100100 00101001 0000110011100100
11100001 01110111 0110001101010001
01101110 10000001 0011011101101110
11010101 01101000 0100111111100000
11110000 10101010 1001011000000000
00001111 11110001 0000111000011111
01111101 10001110 0011111010000000
11100010 00111100 0010101001100000
10101001 11101111 1001010010001001
01011011 10101111 0011100100111011
01001010 10111001 0011001100101010
00010011 00010011 0000000101000011
01100101 01010001 0001111111110101
10110111 10011001 0110011110100111
00111010 01110001 0001100110011010
01100010 11100100 0101010111000000
00101010 01111101 0001001010001010
01011001 11100101 0100111000111001
11101101 11001001 1011001010101101
01000001 10101111 0010100011100001
11011011 11001101 1010010100011011
01110000 00000110 0000000000000000
10100010 10111101 0111000000000010
01101010 11011100 0101011000100000
01010000 01111011 0010001101010000
00100101 01111000 0001000000110000
11110110 01011100 0100110011100000
00100011 01111001 0000111101110011
11001000 10111011 1000101001001000
00001110 01110011 0000011000101110
00001100 11001110 0000100100000000
11010100 01011001 0100001100010100
10111001 10110011 0111111111101001
11110100 01110101 0110101110110100
00001100 00111001 0000001001001100
00000010 00010101 0000000000100010
00000101 01001110 0000000101000000
00000010 10111000 0000000101100000
00001000 10001101 0000010000001000
10101111 11101000 1001100100100000
10010000 11110101 1000011110010000
01001100 01111011 0010000110001100
01000000 00100101 0000100001000000
00001101 01110000 0000010110110000
00101101 00101001 0000010111001101
10111100 00110000 0010001101000000
11000000 01010000 0011110000000000
10100001 01001101 0010100011100001
11110101 11110101 1110011010100101
01011101 10010100 0011010001010000
01101010 10111100 0100100011100000
10111000 10011110 0110011110000000
11111010 01000110 0011111010000000
00000111 10010011 0000001111110111
01010101 10110111 0011101011000101
01000101 01100011 0001101000100101
01011001 00100110 0000101100100000
01101000 00011110 0000011010000000
10010000 01011010 0010110100000000
00011100 10111001 0001001101011100
10101011 11010000 1000101011110000
01101111 11011000 0101101000110000
01000101 10001101 0010001011000101
10001011 11111100 1000001001010000
11011100 10100100 1000100110000000
00011001 10100101 0000111110111001
00111110 11110011 0011101001011110
01011000 11000100 0100001000000000
01011100 00000110 0000000000000000
10011010 00011000 0000100110100000
11000101 10101010 0111101100100000
00011010 11000011 0001001110011010
10110010 00001100 0000000000000000
11101001 11000011 1010111110101001
11101011 11111000 1101110001010000
11110010 10001001 0111100111110010
01101111 00011011 0000011101011111
10101101 01101000 0100000011100000
00100101 11001111 0001101111100101
10101011 00011011 0000101101011011
10000000 01011101 0010100010000000
10000010 00000100 0000000000000000
01010111 00110110 0001000001010000
00110010 01111001 0001011000010010
11100100 00010110 0000111001000000
10101010 11000000 0111111110000000
00101110 10001100 0001011100000000
01110001 11111011 0110101001100001
10111100 11011100 1001100011000000
00010111 11000001 0001000101010111
11101011 10110101 1010001001111011
10001001 10001111 0100010100001001
10111111 10110000 1000001101010000
11010011 11010110 1010101101110000
10000010 00011010 0000100000100000
01110001 11010111 0101110001000001
00001110 11110001 0000110100101110
11001101 00000101 0000000011001101
00011100 10011000 0000111111000000
11101100 00101010 0001110110000000
01100101 00110111 0001001101010101
00000011 11111110 0000001011010000
11111101 00111110 0010111101110000
11101000 01110100 0110010110000000
10110000 00000110 0000000000000000
00010010 01101000 0000011011000000
11000101 11111110 1011100010110000
00110110 11110011 0011001011010110
11111011 01101011 0101111100011011
00010111 00001111 0000000000010111
00010100 00101010 0000001010000000
10100110 11010100 1000011011100000
11001011 01101011 0100110011101011
00000100 11110100 0000001111000000
10001101 11100001 0111101111101101
10000101 10111001 0101101111110101
11001001 01100000 0100101101100000
01000110 00111100 0000110100100000
00110111 01011000 0001000100110000
01110011 00001110 0000000000000000
11011100 00110000 0010100101000000
11010000 00000000 0000000000000000
01000011 11111000 0011111011010000
10100001 01010011 0011001011110001
10011000 01011111 0011000000011000
10000111 11111010 0111111010010000
00101101 01110000 0001001110110000
01101011 00110001 0001010001111011
00010010 00001100 0000000000000000
00001101 00010101 0000000011011101
01000000 10010100 0010010000000000
01010100 10000000 0010101000000000
00010011 11000011 0000111001010011
11101101 11011100 1100000010010000
01111000 00100111 0000111101111000
01011111 00100011 0000110000111111
10101011 00111000 0010000000010000
00100010 11001001 0001100110100010
11000111 10000010 0110001110000000
11001110 11000111 1001101101001110
00100100 11011011 0001110101100100
00001000 01110101 0000001110001000
10110101 00011010 0000101101010000
00111000 10000010 0001110000000000
01011000 01010000 0001101110000000
10100011 10100100 0110010111100000
01100101 11101010 0101100001100000
00000110 01010100 0000000111100000
01011011 11001000 0100010001000000
01001000 00110111 0000110111001000
11111000 10110101 1010101101111000
01010001 10000011 0010100011010001
10011011 00110101 0001110110101011
10110000 11111011 1010010110110000
01001111 00110000 0000111011010000
00011000 11011101 0001001110011000
01000110 01100001 0001101010000110
01011001 01010101 0001110000101001
00101111 00001011 0000000000101111
11011110 11010011 1011010100111110
00101000 11101001 0010001100101000
01011000 11010101 0100011111011000
11000011 11010100 1001111001110000
10100100 01111110 0100011111000000
11010110 00001111 0000000011010110
10000011 10100000 0101000111100000
10000010 10111111 0101100111100010
01000101 01110111 0001111001110101
01000101 01110101 0001111001110101
11111000 11000110 1011101000000000
01101100 01010000 0010000111000000
00110001 10011100 0001101110010000
10111100 10101111 0111011000111100
00001110 01101001 0000010101001110
10110010 11011110 1001000010100000
10000101 10101010 0101001100100000
00101000 11000010 0001111000000000
10011010 11010011 0111110110111010
10111010 11111011 1010111100011010
10001011 11000010 0110100001000000
11001100 01110001 0101101000001100
10011110 01100001 0011101111011110
01111011 10111111 0101010100001011
10010001 11000000 0110110011000000
01011001 01111110 0010011011110000
01010100 01010001 0001101010010100
01001001 11100111 0100000000101001
00100100 10000011 0001001000100100
01011011 10111001 0011111011101011
10010101 01110111 0100000111000101
11110001 11100110 1101001011100000
10101111 00000100 0000000000000000
00010010 11111100 0001000011100000
10101011 11000100 1000000001000000
00111111 11000010 0010111101000000
01110011 01011010 0010001111110000
10100000 11111110 1001011000000000
01110100 10111011 0101000000110100
11100010 11100010 1100010111000000
11011111 10011000 0111110101110000
10011111 00010000 0000100111110000
11110010 10111101 1010011101010010
10101011 10110100 0111010110010000
01010100 10001001 0010101001010100
00010011 10101100 0000101111100000
00110101 00111011 0000101000100101
00110101 00101111 0000011011010101
00110100 01010101 0001000001110100
10111100 11110010 1011000001000000
10100111 11000001 0111110111100111
11100100 01000001 0011100111100100
01101001 11111010 0110001001110000
11001101 11111111 1100000011111101
10110101 11101000 1001111001100000
01001011 00010010 0000010010110000
00110111 10101110 0010001001100000
11111000 00100000 0001111100000000
11011010 00100010 0001101101000000
11101100 00101010 0001110110000000
01111010 00011110 0000011110100000
11101001 11101011 1100110011001001
00001011 01101110 0000010000100000
01011110 01111100 0010100100100000
01000101 10001011 0010001011000101
00010010 00110111 0000001101110010
10000011 11100001 0111001100100011
11001110 01001010 0011001110000000
11010101 11001101 1010000010010101
11100100 11110100 1101010111000000
11101100 00011010 0000111011000000
11100011 11101100 1100011010100000
11110011 00101101 0001111101010011
01011100 11011101 0100101100011100
11101100 10001111 0111011011101100
11111111 01111000 0110111110010000
10101011 00100111 0001011000001011
11111011 00010011 0001000010101011
00001100 10111011 0000100001001100
11100110 01001001 0011101001100110
01101010 00001010 0000000000000000
00011000 10010110 0000110110000000
00001001 00101110 0000000100100000
10111101 01100110 0100011011100000
01110110 01110101 0011010000010110
10001111 10010101 0101000011111111
01111011 01111100 0011010111010000
01101111 11001001 0101001110101111
11001001 10110100 1000101000110000
11011010 10101101 1000100100011010
11011111 00001101 0000000011011111
01110000 10000011 0011100001110000
01010001 00000100 0000000000000000
10000000 11111001 0111100010000000
00000110 11001010 0000010010000000
11011111 11001001 1010100000011111
10000100 10110000 0101101011000000
11101001 00010000 0000111010010000
11011110 10101100 1000101011000000
00001001 11010111 0000011101011001
01100001 00001101 0000000001100001
10010001 11010011 0111011001100001
10011010 00101111 0001001111011010
01001110 10110111 0011010111101110
11000110 01011101 0011111010100110
10011100 00101111 0001010000011100
01000100 10011011 0010011010000100
01100010 11101001 0101011000100010
00101110 10001101 0001011100101110
11000110 10101010 0111101111000000
10100000 00110111 0001111010100000
11110000 11101000 1101001000000000
11001101 11010001 1010011101011101
10111011 11011111 1001100010101011
01111101 01011000 0010011100010000
10011111 10010111 0101101000001111
00000110 00101001 0000000011000110
11000100 11010111 1010000000000100
01011101 01001101 0001011110011101
01110011 01111111 0011001011000011
01001110 10111001 0011010111101110
11100000 00111001 0010101011100000
10000001 00110001 0001100010110001
10001111 11111110 1000011000010000
01011101 00001111 0000000001011101
00110011 01101001 0001001101010011
01010110 10011010 0011000001100000
01011100 01001001 0001011101011100
11010011 00111010 0010011110010000
11011000 01111000 0101111010000000
00111001 00100101 0000011101011001
00001001 01010110 0000001011010000
00101100 11010011 0010001111101100
00011010 00000000 0000000000000000
10101100 11101000 1001011010000000
01101100 10100000 0100001110000000
00011101 11010001 0001011110101101
00000000 11011010 0000000000000000
11011000 11000000 1010001000000000
01001100 11010001 0011111000001100
01010001 01010001 0001100110100001
01000101 10110011 0010111110110101
01111110 10000000 0011111100000000
11111100 01001000 0011111100000000
10000001 00110001 0001100010110001
10100111 10000011 0101010000100111
00111111 00000000 0000000000000000
01100100 01111110 0010101111000000
11110001 10001110 0111100010000000
10011110 11101000 1000101001000000
01001001 00001010 0000000000000000
01011111 01010001 0001111000001111
01001001 00100101 0000100101101001
01101100 01011000 0010000111000000
01011110 00101111 0000110000011110
10000011 00100111 0001000011100011
11010100 10010100 0111011101000000
10010010 00111100 0001101101100000
01000110 01101111 0001101010000110
01000001 11110111 0011110100110001
00010110 01110010 0000100110100000
10100010 11100011 1000111001100010
10010010 11001011 0110111000010010
01101000 00110001 0001001111101000
11001011 01010101 0100000000111011
01110001 01011110 0010001101010000
11001101 10110101 1000110110111101
00001000 10000010 0000010000000000
00111111 10110000 0010101101010000
10101100 00110010 0010000001000000
00000101 01011110 0000000110010000
10111000 01111101 0101000100111000
00001010 10001101 0000010100001010
11001001 11110001 1011110100111001
10110100 11100101 1001111000110100
00110100 00100011 0000011010110100
00101101 00110001 0000100010011101
01011110 10110100 0100000010100000
00001110 01100100 0000010101000000
01100100 01001000 0001100100000000
10001010 10011011 0100111000101010
11001101 01101011 0100110110101101
10101011 11100011 1001011001001011
10111101 11011001 1001101001001101
11000010 11100000 1010100111000000
01011111 00011101 0000011001001111
10010011 00100110 0001001001100000
00000101 00001001 0000000000000101
01101100 01101011 0010100011101100
10110000 11110111 1010010110110000
10100101 01010111 0011010000110101
01110110 01001111 0001110111110110
10110100 00011101 0000101111110100
10000111 01000110 0010000111000000
01100110 10011110 0011100101100000
00111111 01010100 0001001110110000
01010100 01001100 0001010100000000
00000110 01010000 0000000111100000
00101101 10000110 0001011010000000
01101010 10111000 0100100011100000
11101111 10100000 1001010101100000
00111111 00001001 0000000000111111
10101000 01010101 0011010100101000
00011110 10111000 0001010010100000
11001110 11010110 1010011101100000
00100101 10101001 0001011101000101
11001111 00110101 0010011110011111
01000000 10110110 0010110000000000
11110101 01011010 0100110010010000
11100001 00100101 0001110100000001
00100111 01000100 0000100111000000
01111001 10011111 0100010010001001
10101000 11001001 0111111010101000
10000101 10000101 0100001100000101
01110011 10001000 0011100110000000
10010110 00110100 0001110000100000
00111101 01010001 0001001101001101
00011011 00011100 0000000110110000
10111101 10110100 1000000111110000
01001110 00101111 0000101000001110
01011001 11101100 0100110111100000
00011110 10011101 0001000011111110
11000000 11100011 1010100011000000
01100100 01001011 0001100101100100
10010001 10000100 0100100010000000
01001001 00010011 0000010011011001
10110011 00011100 0000101100110000
00101000 00101010 0000010100000000
01011101 11101110 0101000101100000
11001100 10111011 1000110100001100
01111000 11001010 0101101000000000
01011101 00011110 0000010111010000
01110110 11001011 0101100011110110
11011011 10110100 1001011010010000
00100000 00000100 0000000000000000
01111001 11001101 0101101100111001
10010010 01000101 0010010100010010
10101001 10011110 0101111100010000
11011101 11000000 1010010111000000
01001011 10111011 0011001111011011
10000001 10110010 0101100010110000
10110011 00001011 0000000010110011
01001000 11100001 0011111101001000
11111100 10101111 1001111001111100
10100000 00001110 0000000000000000
01110101 11011001 0101111110000101
00001101 00100111 0000000110101101
01110100 11111100 0110110011000000
10111111 01011111 0011110001101111
10000001 01101000 0011000001100000
11111010 11111011 1110101101011010
00011001 10100110 0000111110100000
01010011 11101111 0100100011110011
11101101 10110001 1010001111011101
01100100 00100001 0000110011100100
11110110 01101000 0101110001000000
00010100 01101111 0000011110010100
00101010 00111110 0000011111100000
11110111 01000110 0011110111000000
00111101 10100000 0010011000100000
11111010 11110100 1110101001100000
00110011 00000000 0000000000000000
11011100 01110000 0110000001000000
00101001 00001111 0000000000101001
10010110 11010111 0111101001110110
00100011 00000110 0000000000000000
01001010 01001010 0001001010000000
01000001 10001000 0010000010000000
11001101 01110001 0101101001111101
00101000 00010011 0000001010101000
01101100 01010101 0010001000101100
11111110 01101111 0110000000111110
11110100 11000001 1011011111110100
11010011 00011000 0000110100110000
10101101 11111001 1010001011011101
11001000 00100101 0001100111001000
01001000 11100011 0011111101001000
11010000 10001010 0110100000000000
01100111 01110000 0010110100010000
01100000 01001110 0001100000000000
11001111 01110010 0101101010010000
11110010 10010100 1000100000100000
11101000 10011000 1000001010000000
10011110 11111000 1001010000100000
10001101 11001011 0110101001001101
10101111 00111000 0010000011010000
11100000 10100001 1000110011100000
10010100 10100001 0101110100010100
00100001 00100101 0000010001000001
11101011 00111011 0010110011111011
00101110 10011100 0001100111100000
00010110 00100000 0000001011000000
11000010 10010101 0110110111100010
00101101 00000101 0000000000101101
00000111 11101000 0000011000100000
10011000 01101000 0011100100000000
10010111 11101011 1000010010110111
00110111 01010010 0001000100110000
10000011 10000110 0100000110000000
01110001 00110100 0001010100110000
01110100 01110010 0011001011000000
11110010 11001100 1011010110000000
10001000 01000100 0010001000000000
10000010 10001100 0100000100000000
11110100 10001111 0111101011110100
11000101 10000001 0110001101000101
00010101 11001011 0000111111010101
00110110 00101010 0000011011000000
11110101 00111101 0010111011100101
01000110 00111011 0000110101100110
11101110 10010011 1000011011001110
11100100 11000100 1010101100000000
01110010 01110010 0011000111100000
01010001 10110101 0011100000000001
10100011 10101100 0110010111100000
10010111 00110001 0001110011100111
10111110 01010111 0011110000011110
01110110 10110100 0101000100100000
00000000 01110011 0000000000000000
00101001 01110010 0001000111110000
00011110 01101101 0000101101011110
11001101 11111101 1100000011111101
11010111 00011011 0000111001000111
11001110 10010110 0111001111100000
11001010 10000111 0110010111001010
00101101 00101100 0000010110100000
00100101 00100010 0000010010100000
11110011 10000011 0111101001110011
00111101 10110000 0010100111110000
10111001 01101100 0100010101100000
10101000 10011010 0101111010000000
10000010 10011101 0100100110100010
11111100 11011111 1100110110111100
11011001 00001100 0000000000000000
11000000 01011100 0011110000000000
10000001 01001111 0010000011000001
10101000 10100011 0110100110101000
10001000 11111001 1000000000001000
10111101 00011000 0000101111010000
00011111 01101011 0000101110111111
01111101 10010110 0100011001010000
00001011 00010001 0000000010111011
10001111 00111111 0001101101011111
00001010 01111011 0000010001101010
00101101 11000101 0010000111101101
11111111 01011101 0101000010101111
11001010 11010111 1010010011101010
00111101 11011101 0011000111001101
00011010 11101011 0001011011011010
11010010 00101001 0001101100010010
00010011 00100110 0000001001100000
00011101 11010110 0001011110010000
11110010 10001110 0111100100000000
10010010 11110111 1000100101110010
11101110 01000101 0011110001101110
11111110 01101101 0110000000111110
10100111 00000100 0000000000000000
00100010 01011001 0000101011000010
11100110 10001101 0111001111100110
00000101 00111011 0000000011110101
11001111 01001100 0011001111000000
11001011 10100111 0111111110101011
00011000 11100011 0001010100011000
01101100 00001111 0000000001101100
01011011 11010000 0100100111110000
00101111 10010111 0001101010011111
00100000 11101110 0001110000000000
00100101 01110010 0001000000110000
10110100 00000100 0000000000000000
10100000 10110011 0110111010100000
01100011 00011111 0000011010010011
11011100 00010100 0000110111000000
00110101 11100100 0010111001100000
11001110 10101110 1000000011000000
10111001 10100100 0111001110100000
01011010 00001101 0000000001011010
00000110 01010100 0000000111100000
11011100 10100001 1000101001011100
01111010 00110111 0001011101011010
01001011 00000111 0000000001001011
01011001 01011110 0001101111010000
11010110 00011011 0000111000110110
11100101 11001010 1010101111000000
01011011 01001000 0001011011000000
00000000 01010001 0000000000000000
01111100 00011101 0000100000111100
11110001 00011001 0001000000000001
10111111 10010001 0110110000101111
01101111 11000010 0101001101000000
01111111 11110000 0111011100010000
01110101 00011000 0000011101010000
00010111 11101110 0001010000100000
00010001 01100111 0000011001110001
00001101 11011000 0000101010010000
10101111 01000010 0010101111000000
10101011 01010100 0011010101110000
00000110 11011100 0000010011100000
11000101 10110001 1000100000110101
00110111 11001000 0010100101000000
00010111 00110010 0000010001010000
00111110 00111011 0000101111011110
00001101 01100010 0000010011100000
01000100 10011111 0010011010000100
01001000 11001111 0011011001001000
11110010 10100000 1001011101000000
11000001 00110111 0010010011110001
01011001 01110001 0010011101001001
11011111 10010110 0111110101110000
10000011 10000110 0100000110000000
01001100 00010011 0000010100001100
01010000 01101100 0001111000000000
11111001 00111011 0010111110101001
10101110 00001000 0000000000000000
00010010 10001101 0000100100010010
11000100 11101101 1010110001000100
01001011 11000100 0011100001000000
00101111 11111101 0010110000111111
01001100 11100011 0100001011001100
11011111 00010101 0000111011001111
10101100 01101110 0100000010000000
10110111 11111001 1010110001000111
00110110 11010011 0010110000010110
10000000 00110011 0001100010000000
11110001 01110101 0110101001100001
01001001 00101010 0000100100100000
10100010 01010000 0011001010100000
11001011 00010101 0000110101111011
00110111 10111001 0010011000000111
11110011 00011010 0000111100110000
11101100 00011100 0000111011000000
00010010 00111001 0000001101110010
10000000 01001010 0010000000000000
11101011 01001110 0011101011000000
01010000 00111011 0000111101010000
00011101 11011000 0001011110010000
10111011 11001000 1000110001000000
00001011 11000000 0000100001000000
10010111 01001110 0010010111000000
11011100 11010110 1011001011000000
00100010 10110010 0001011101100000
10101000 01000011 0010101010101000
00101110 11000111 0010001010101110
01101010 10010110 0011101110100000
00000001 10000100 0000000010000000
11010000 11000001 1001110011010000
10011001 00000010 0000000000000000
01111110 10100001 0100111100111110
11011000 11000110 1010001000000000
11100100 01011001 0100100000100100
01000100 00111100 0000110011000000
00110100 00111010 0000100111000000
11011100 11101111 1100000101011100
10010101 01100000 0011011111100000
10110111 01100111 0100010101010111
00110110 11001110 0010100010000000
11011110 00101100 0001101111000000
00111100 00111010 0000101101000000
00101010 11100101 0010010011101010
01001011 00111110 0000111000010000
10001010 00001001 0000000010001010
10010111 00100011 0001001101110111
01110111 00011100 0000011101110000
00111110 00010010 0000001111100000
00001010 11110101 0000100101101010
11100010 11000101 1010101001100010
01101100 11110001 0110010110101100
00101101 10001001 0001011010101101
00001111 10101011 0000100101101111
01010100 10111011 0011101000010100
10000000 00010111 0000100010000000
00101111 10000011 0001011110101111
00101100 01111100 0001001101000000
11111011 11110001 1110110001001011
11100110 01010001 0100100011000110
01100101 01010100 0001111110010000
10011100 01101101 0011101100011100
11110011 11100000 1101010010100000
11111100 01111111 0110111100111100
01100000 01110011 0010101001100000
01101010 01001001 0001101011101010
00000101 10101110 0000001100100000
00100101 10011011 0001010011110101
11101101 00000111 0000000011101101
11101011 01111111 0110011110111011
10011111 00101110 0001001111100000
11110101 10001111 0111101101110101
01000011 01010111 0001010100110011
10100111 11110000 1001110010010000
00110001 11000001 0010010011110001
11001001 11101001 1011000010101001
10001010 00011010 0000100010100000
10011101 10001111 0100111100011101
11101000 00001101 0000000011101000
10110111 01110110 0101000000010000
11001001 10100010 0111110110100000
11011111 11101110 1100001100100000
11000111 10101000 0111110001100000
11100010 10110110 1001101101100000
00110000 11110010 0010110100000000
10011110 10100100 0110001011000000
00100100 10001011 0001001000100100
00101111 00110110 0000100011010000
11000001 10100110 0111100010100000
10000110 10001111 0100001110000110
10000011 01111001 0011100111010011
01010011 11000100 0011111001000000
01100000 11000110 0100100000000000
10000101 00000011 0000000010000101
11001111 00111100 0010011011010000
01001100 10000110 0010011000000000
00110111 01110100 0001100000010000
11101011 11001000 1011000001000000
11110111 11000001 1011101000110111
00110000 11110101 0010110100110000
10001001 01111100 0011101111110000
11110001 00001011 0000000011110001
11101010 00011100 0000111010100000
01100000 10101110 0011110000000000
11010101 11000000 1001111111000000
10010110 00011010 0000100101100000
11101100 01100100 0101100010000000
00011110 00110000 0000010110100000
01100111 10001001 0011001111100111
11101001 00010110 0000111010010000
01011011 01110001 0010100000101011
01111100 01101100 0010111010000000
01000001 10111000 0010110010110000
10101000 01110010 0100100110000000
11000000 01111110 0101010000000000
10110011 01000000 0010110011000000
01100100 11010010 0101000101000000
01000001 01011101 0001010010010001
01001111 10100101 0011000110101111
11010011 11001111 1001111100010011
01111111 11101111 0110111110011111
00111011 00001000 0000000000000000
11000011 01000010 0011000011000000
11011000 10110011 1001010101011000
11110111 10001011 0111110001110111
11110100 11010000 1100011001000000
10010111 00101100 0001001011100000
00011100 00011011 0000000111011100
01010010 00110100 0000111101100000
11000110 01000000 0011000110000000
10100000 11011011 1000001010100000
00100111 10111011 0001101011110111
00000100 00011000 0000000001000000
10000111 11111100 0111111010010000
00001011 01100001 0000010000101011
11101011 10101000 1001001011100000
10011001 01110110 0100001011110000
01110100 10001000 0011101000000000
10110100 01001100 0010110100000000
01001011 00001101 0000000001001011
00111111 11101011 0011011101011111
01101001 11101100 0101101111100000
11100110 01100101 0101011100100110
00011001 11000001 0001001011011001
10110010 10100100 0110111101000000
10001110 00111100 0001101010100000
01110010 01001110 0001110010000000
01100001 11000001 0100100100100001
10000110 01101001 0011001011000110
01010010 00000010 0000000000000000
00101011 00000010 0000000000000000
00100000 10000100 0001000000000000
11010110 10001110 0110101100000000
11010100 10000010 0110101000000000
11000011 00110011 0010010101010011
01010111 00110011 0001000010100111
01001000 11000011 0011011001001000
10100100 11100000 1000111110000000
00000010 10001010 0000000100000000
01111011 11000010 0101110001000000
01111101 11000000 0101110111000000
11100010 00101011 0001110100100010
01100101 11000100 0100101111000000
01001100 11100011 0100001011001100
11011101 11011010 1011001110010000
11001001 01000000 0011001001000000
00010111 10110100 0000111111010000
00000110 11100001 0000010101000110
10111110 01101001 0100011111111110
10001010 10010100 0100110110100000
01001101 00100000 0000100110100000
11110011 01010100 0100101111110000
11110000 00100000 0001111000000000
10010110 11011010 0111100111100000
11111110 10000001 0111111111111110
01011111 10111010 0100000101010000
10101010 00110110 0001111111100000
00111011 10000111 0001110110111011
00000011 10100001 0000000111100011
11101101 11101101 1101000001001101
11010101 01110110 0101110100110000
